cffa edfe 0700 0001 0300 0080 0200 0000
0f00 0000 1005 0000 8500 2000 0000 0000
1900 0000 4800 0000 5f5f 5041 4745 5a45
524f 0000 0000 0000 0000 0000 0000 0000
0000 0000 0100 0000 0000 0000 0000 0000
0000 0000 0000 0000 0000 0000 0000 0000
0000 0000 0000 0000 1900 0000 d801 0000
5f5f 5445 5854 0000 0000 0000 0000 0000
0000 0000 0100 0000 0010 0000 0000 0000
0000 0000 0000 0000 0010 0000 0000 0000
0700 0000 0500 0000 0500 0000 0000 0000
5f5f 7465 7874 0000 0000 0000 0000 0000
5f5f 5445 5854 0000 0000 0000 0000 0000
b00c 0000 0100 0000 c502 0000 0000 0000
b00c 0000 0400 0000 0000 0000 0000 0000
0004 0080 0000 0000 0000 0000 0000 0000
5f5f 7374 7562 7300 0000 0000 0000 0000
5f5f 5445 5854 0000 0000 0000 0000 0000
760f 0000 0100 0000 0c00 0000 0000 0000
760f 0000 0100 0000 0000 0000 0000 0000
0804 0080 0000 0000 0600 0000 0000 0000
5f5f 7374 7562 5f68 656c 7065 7200 0000
5f5f 5445 5854 0000 0000 0000 0000 0000
840f 0000 0100 0000 2400 0000 0000 0000
840f 0000 0200 0000 0000 0000 0000 0000
0004 0080 0000 0000 0000 0000 0000 0000
5f5f 6373 7472 696e 6700 0000 0000 0000
5f5f 5445 5854 0000 0000 0000 0000 0000
a80f 0000 0100 0000 0b00 0000 0000 0000
a80f 0000 0000 0000 0000 0000 0000 0000
0200 0000 0000 0000 0000 0000 0000 0000
5f5f 756e 7769 6e64 5f69 6e66 6f00 0000
5f5f 5445 5854 0000 0000 0000 0000 0000
b40f 0000 0100 0000 4800 0000 0000 0000
b40f 0000 0200 0000 0000 0000 0000 0000
0000 0000 0000 0000 0000 0000 0000 0000
1900 0000 3801 0000 5f5f 4441 5441 0000
0000 0000 0000 0000 0010 0000 0100 0000
0010 0000 0000 0000 0010 0000 0000 0000
0010 0000 0000 0000 0700 0000 0300 0000
0300 0000 0000 0000 5f5f 6e6c 5f73 796d
626f 6c5f 7074 7200 5f5f 4441 5441 0000
0000 0000 0000 0000 0010 0000 0100 0000
1000 0000 0000 0000 0010 0000 0300 0000
0000 0000 0000 0000 0600 0000 0200 0000
0000 0000 0000 0000 5f5f 6c61 5f73 796d
626f 6c5f 7074 7200 5f5f 4441 5441 0000
0000 0000 0000 0000 1010 0000 0100 0000
1000 0000 0000 0000 1010 0000 0300 0000
0000 0000 0000 0000 0700 0000 0400 0000
0000 0000 0000 0000 5f5f 636f 6d6d 6f6e
0000 0000 0000 0000 5f5f 4441 5441 0000
0000 0000 0000 0000 2010 0000 0100 0000
0800 0000 0000 0000 0000 0000 0300 0000
0000 0000 0000 0000 0100 0000 0000 0000
0000 0000 0000 0000 1900 0000 4800 0000
5f5f 4c49 4e4b 4544 4954 0000 0000 0000
0020 0000 0100 0000 0010 0000 0000 0000
0020 0000 0000 0000 0802 0000 0000 0000
0700 0000 0100 0000 0000 0000 0000 0000
2200 0080 3000 0000 0020 0000 0800 0000
0820 0000 1800 0000 0000 0000 0000 0000
2020 0000 2000 0000 4020 0000 8800 0000
0200 0000 1800 0000 d820 0000 0900 0000
8021 0000 8800 0000 0b00 0000 5000 0000
0000 0000 0000 0000 0000 0000 0600 0000
0600 0000 0300 0000 0000 0000 0000 0000
0000 0000 0000 0000 0000 0000 0000 0000
6821 0000 0600 0000 0000 0000 0000 0000
0000 0000 0000 0000 0e00 0000 2000 0000
0c00 0000 2f75 7372 2f6c 6962 2f64 796c
6400 0000 0000 0000 1b00 0000 1800 0000
f4f6 e494 7b4c 3098 a13d fed3 8a57 db97
3200 0000 2000 0000 0100 0000 000e 0a00
000e 0a00 0100 0000 0300 0000 0003 c201
2a00 0000 1000 0000 0000 0000 0000 0000
2800 0080 1800 0000 800e 0000 0000 0000
0000 0000 0000 0000 0c00 0000 3800 0000
1800 0000 0200 0000 01fa e404 0000 0100
2f75 7372 2f6c 6962 2f6c 6962 5379 7374
656d 2e42 2e64 796c 6962 0000 0000 0000
2600 0000 1000 0000 c820 0000 1000 0000
2900 0000 1000 0000 d820 0000 0000 0000
0000 0000 0000 0000 0000 0000 0000 0000
0000 0000 0000 0000 0000 0000 0000 0000
0000 0000 0000 0000 0000 0000 0000 0000
0000 0000 0000 0000 0000 0000 0000 0000
0000 0000 0000 0000 0000 0000 0000 0000
0000 0000 0000 0000 0000 0000 0000 0000
0000 0000 0000 0000 0000 0000 0000 0000
0000 0000 0000 0000 0000 0000 0000 0000
0000 0000 0000 0000 0000 0000 0000 0000
0000 0000 0000 0000 0000 0000 0000 0000
0000 0000 0000 0000 0000 0000 0000 0000
0000 0000 0000 0000 0000 0000 0000 0000
0000 0000 0000 0000 0000 0000 0000 0000
0000 0000 0000 0000 0000 0000 0000 0000
0000 0000 0000 0000 0000 0000 0000 0000
0000 0000 0000 0000 0000 0000 0000 0000
0000 0000 0000 0000 0000 0000 0000 0000
0000 0000 0000 0000 0000 0000 0000 0000
0000 0000 0000 0000 0000 0000 0000 0000
0000 0000 0000 0000 0000 0000 0000 0000
0000 0000 0000 0000 0000 0000 0000 0000
0000 0000 0000 0000 0000 0000 0000 0000
0000 0000 0000 0000 0000 0000 0000 0000
0000 0000 0000 0000 0000 0000 0000 0000
0000 0000 0000 0000 0000 0000 0000 0000
0000 0000 0000 0000 0000 0000 0000 0000
0000 0000 0000 0000 0000 0000 0000 0000
0000 0000 0000 0000 0000 0000 0000 0000
0000 0000 0000 0000 0000 0000 0000 0000
0000 0000 0000 0000 0000 0000 0000 0000
0000 0000 0000 0000 0000 0000 0000 0000
0000 0000 0000 0000 0000 0000 0000 0000
0000 0000 0000 0000 0000 0000 0000 0000
0000 0000 0000 0000 0000 0000 0000 0000
0000 0000 0000 0000 0000 0000 0000 0000
0000 0000 0000 0000 0000 0000 0000 0000
0000 0000 0000 0000 0000 0000 0000 0000
0000 0000 0000 0000 0000 0000 0000 0000
0000 0000 0000 0000 0000 0000 0000 0000
0000 0000 0000 0000 0000 0000 0000 0000
0000 0000 0000 0000 0000 0000 0000 0000
0000 0000 0000 0000 0000 0000 0000 0000
0000 0000 0000 0000 0000 0000 0000 0000
0000 0000 0000 0000 0000 0000 0000 0000
0000 0000 0000 0000 0000 0000 0000 0000
0000 0000 0000 0000 0000 0000 0000 0000
0000 0000 0000 0000 0000 0000 0000 0000
0000 0000 0000 0000 0000 0000 0000 0000
0000 0000 0000 0000 0000 0000 0000 0000
0000 0000 0000 0000 0000 0000 0000 0000
0000 0000 0000 0000 0000 0000 0000 0000
0000 0000 0000 0000 0000 0000 0000 0000
0000 0000 0000 0000 0000 0000 0000 0000
0000 0000 0000 0000 0000 0000 0000 0000
0000 0000 0000 0000 0000 0000 0000 0000
0000 0000 0000 0000 0000 0000 0000 0000
0000 0000 0000 0000 0000 0000 0000 0000
0000 0000 0000 0000 0000 0000 0000 0000
0000 0000 0000 0000 0000 0000 0000 0000
0000 0000 0000 0000 0000 0000 0000 0000
0000 0000 0000 0000 0000 0000 0000 0000
0000 0000 0000 0000 0000 0000 0000 0000
0000 0000 0000 0000 0000 0000 0000 0000
0000 0000 0000 0000 0000 0000 0000 0000
0000 0000 0000 0000 0000 0000 0000 0000
0000 0000 0000 0000 0000 0000 0000 0000
0000 0000 0000 0000 0000 0000 0000 0000
0000 0000 0000 0000 0000 0000 0000 0000
0000 0000 0000 0000 0000 0000 0000 0000
0000 0000 0000 0000 0000 0000 0000 0000
0000 0000 0000 0000 0000 0000 0000 0000
0000 0000 0000 0000 0000 0000 0000 0000
0000 0000 0000 0000 0000 0000 0000 0000
0000 0000 0000 0000 0000 0000 0000 0000
0000 0000 0000 0000 0000 0000 0000 0000
0000 0000 0000 0000 0000 0000 0000 0000
0000 0000 0000 0000 0000 0000 0000 0000
0000 0000 0000 0000 0000 0000 0000 0000
0000 0000 0000 0000 0000 0000 0000 0000
0000 0000 0000 0000 0000 0000 0000 0000
0000 0000 0000 0000 0000 0000 0000 0000
0000 0000 0000 0000 0000 0000 0000 0000
0000 0000 0000 0000 0000 0000 0000 0000
0000 0000 0000 0000 0000 0000 0000 0000
0000 0000 0000 0000 0000 0000 0000 0000
0000 0000 0000 0000 0000 0000 0000 0000
0000 0000 0000 0000 0000 0000 0000 0000
0000 0000 0000 0000 0000 0000 0000 0000
0000 0000 0000 0000 0000 0000 0000 0000
0000 0000 0000 0000 0000 0000 0000 0000
0000 0000 0000 0000 0000 0000 0000 0000
0000 0000 0000 0000 0000 0000 0000 0000
0000 0000 0000 0000 0000 0000 0000 0000
0000 0000 0000 0000 0000 0000 0000 0000
0000 0000 0000 0000 0000 0000 0000 0000
0000 0000 0000 0000 0000 0000 0000 0000
0000 0000 0000 0000 0000 0000 0000 0000
0000 0000 0000 0000 0000 0000 0000 0000
0000 0000 0000 0000 0000 0000 0000 0000
0000 0000 0000 0000 0000 0000 0000 0000
0000 0000 0000 0000 0000 0000 0000 0000
0000 0000 0000 0000 0000 0000 0000 0000
0000 0000 0000 0000 0000 0000 0000 0000
0000 0000 0000 0000 0000 0000 0000 0000
0000 0000 0000 0000 0000 0000 0000 0000
0000 0000 0000 0000 0000 0000 0000 0000
0000 0000 0000 0000 0000 0000 0000 0000
0000 0000 0000 0000 0000 0000 0000 0000
0000 0000 0000 0000 0000 0000 0000 0000
0000 0000 0000 0000 0000 0000 0000 0000
0000 0000 0000 0000 0000 0000 0000 0000
0000 0000 0000 0000 0000 0000 0000 0000
0000 0000 0000 0000 0000 0000 0000 0000
0000 0000 0000 0000 0000 0000 0000 0000
0000 0000 0000 0000 0000 0000 0000 0000
0000 0000 0000 0000 0000 0000 0000 0000
0000 0000 0000 0000 0000 0000 0000 0000
0000 0000 0000 0000 0000 0000 0000 0000
0000 0000 0000 0000 0000 0000 0000 0000
0000 0000 0000 0000 0000 0000 0000 0000
5548 89e5 4883 3d64 0300 0000 0f84 1200
0000 488b 0557 0300 0048 8378 0800 0f85
0500 0000 e971 0000 0048 8b05 4003 0000
4889 45f8 488b 0535 0300 0048 8b40 0848
8945 f048 837d f000 0f84 4c00 0000 488b
45f8 8b08 488b 45f0 3b08 0f85 1d00 0000
488b 45f0 488b 4008 4889 45f0 488b 45f0
488b 4df8 4889 4108 e918 0000 0048 8b45
f848 8b40 0848 8945 f848 8b45 f048 8b40
0848 8945 f0e9 a9ff ffff 5dc3 0f1f 4000
5548 89e5 4883 ec20 4883 3dc0 0200 0000
0f85 1600 0000 488d 3d3b 0200 00b0 00e8
0802 0000 8945 f4e9 4f00 0000 488b 059d
0200 0048 8945 f848 837d f800 0f84 2800
0000 488b 45f8 8b30 488d 3d0f 0200 00b0
00e8 d601 0000 488b 7df8 488b 7f08 4889
7df8 8945 f0e9 cdff ffff 488d 3de7 0100
00b0 00e8 b401 0000 8945 ec48 83c4 205d
c366 2e0f 1f84 0000 0000 000f 1f44 0000
5548 89e5 4883 ec20 b810 0000 0089 c189
7dfc 4889 cfe8 7c01 0000 4889 45f0 488b
051b 0200 0048 8945 e88b 55fc 488b 45f0
8910 488b 45f0 48c7 4008 0000 0000 4883
3dfa 0100 0000 0f85 1000 0000 488b 45f0
4889 05e9 0100 00e9 3100 0000 e900 0000
0048 8b45 e848 8378 0800 0f84 1100 0000
488b 45e8 488b 4008 4889 45e8 e9e0 ffff
ff48 8b45 f048 8b4d e848 8941 0848 83c4
205d c366 2e0f 1f84 0000 0000 000f 1f00
5548 89e5 4883 ec10 c745 fc00 0000 0089
7df8 4889 75f0 bf01 0000 00e8 40ff ffff
bf01 0000 00e8 36ff ffff bf01 0000 00e8
2cff ffff bf01 0000 00e8 22ff ffff bf01
0000 00e8 18ff ffff bf01 0000 00e8 0eff
ffff bf01 0000 00e8 04ff ffff bf01 0000
00e8 fafe ffff bf01 0000 00e8 f0fe ffff
bf01 0000 00e8 e6fe ffff bf02 0000 00e8
dcfe ffff bf02 0000 00e8 d2fe ffff bf02
0000 00e8 c8fe ffff bf03 0000 00e8 befe
ffff bf03 0000 00e8 b4fe ffff bf03 0000
00e8 aafe ffff bf04 0000 00e8 a0fe ffff
bf04 0000 00e8 96fe ffff bf05 0000 00e8
8cfe ffff bf05 0000 00e8 82fe ffff e8ed
fdff ffe8 48fd ffff e8e3 fdff ff31 c048
83c4 105d c390 ff25 9400 0000 ff25 9600
0000 0000 4c8d 1d7d 0000 0041 53ff 256d
0000 0090 6800 0000 00e9 e6ff ffff 680e
0000 00e9 dcff ffff 4e55 4c4c 0a00 2564
2d3e 0000 0100 0000 1c00 0000 0000 0000
1c00 0000 0000 0000 1c00 0000 0200 0000
b00c 0000 3400 0000 3400 0000 760f 0000
0000 0000 3400 0000 0300 0000 0c00 0100
1000 0100 0000 0000 0000 0001 0000 0000
0000 0000 0000 0000 0000 0000 0000 0000
940f 0000 0100 0000 9e0f 0000 0100 0000
0000 0000 0000 0000 0000 0000 0000 0000
0000 0000 0000 0000 0000 0000 0000 0000
0000 0000 0000 0000 0000 0000 0000 0000
0000 0000 0000 0000 0000 0000 0000 0000
0000 0000 0000 0000 0000 0000 0000 0000
0000 0000 0000 0000 0000 0000 0000 0000
0000 0000 0000 0000 0000 0000 0000 0000
0000 0000 0000 0000 0000 0000 0000 0000
0000 0000 0000 0000 0000 0000 0000 0000
0000 0000 0000 0000 0000 0000 0000 0000
0000 0000 0000 0000 0000 0000 0000 0000
0000 0000 0000 0000 0000 0000 0000 0000
0000 0000 0000 0000 0000 0000 0000 0000
0000 0000 0000 0000 0000 0000 0000 0000
0000 0000 0000 0000 0000 0000 0000 0000
0000 0000 0000 0000 0000 0000 0000 0000
0000 0000 0000 0000 0000 0000 0000 0000
0000 0000 0000 0000 0000 0000 0000 0000
0000 0000 0000 0000 0000 0000 0000 0000
0000 0000 0000 0000 0000 0000 0000 0000
0000 0000 0000 0000 0000 0000 0000 0000
0000 0000 0000 0000 0000 0000 0000 0000
0000 0000 0000 0000 0000 0000 0000 0000
0000 0000 0000 0000 0000 0000 0000 0000
0000 0000 0000 0000 0000 0000 0000 0000
0000 0000 0000 0000 0000 0000 0000 0000
0000 0000 0000 0000 0000 0000 0000 0000
0000 0000 0000 0000 0000 0000 0000 0000
0000 0000 0000 0000 0000 0000 0000 0000
0000 0000 0000 0000 0000 0000 0000 0000
0000 0000 0000 0000 0000 0000 0000 0000
0000 0000 0000 0000 0000 0000 0000 0000
0000 0000 0000 0000 0000 0000 0000 0000
0000 0000 0000 0000 0000 0000 0000 0000
0000 0000 0000 0000 0000 0000 0000 0000
0000 0000 0000 0000 0000 0000 0000 0000
0000 0000 0000 0000 0000 0000 0000 0000
0000 0000 0000 0000 0000 0000 0000 0000
0000 0000 0000 0000 0000 0000 0000 0000
0000 0000 0000 0000 0000 0000 0000 0000
0000 0000 0000 0000 0000 0000 0000 0000
0000 0000 0000 0000 0000 0000 0000 0000
0000 0000 0000 0000 0000 0000 0000 0000
0000 0000 0000 0000 0000 0000 0000 0000
0000 0000 0000 0000 0000 0000 0000 0000
0000 0000 0000 0000 0000 0000 0000 0000
0000 0000 0000 0000 0000 0000 0000 0000
0000 0000 0000 0000 0000 0000 0000 0000
0000 0000 0000 0000 0000 0000 0000 0000
0000 0000 0000 0000 0000 0000 0000 0000
0000 0000 0000 0000 0000 0000 0000 0000
0000 0000 0000 0000 0000 0000 0000 0000
0000 0000 0000 0000 0000 0000 0000 0000
0000 0000 0000 0000 0000 0000 0000 0000
0000 0000 0000 0000 0000 0000 0000 0000
0000 0000 0000 0000 0000 0000 0000 0000
0000 0000 0000 0000 0000 0000 0000 0000
0000 0000 0000 0000 0000 0000 0000 0000
0000 0000 0000 0000 0000 0000 0000 0000
0000 0000 0000 0000 0000 0000 0000 0000
0000 0000 0000 0000 0000 0000 0000 0000
0000 0000 0000 0000 0000 0000 0000 0000
0000 0000 0000 0000 0000 0000 0000 0000
0000 0000 0000 0000 0000 0000 0000 0000
0000 0000 0000 0000 0000 0000 0000 0000
0000 0000 0000 0000 0000 0000 0000 0000
0000 0000 0000 0000 0000 0000 0000 0000
0000 0000 0000 0000 0000 0000 0000 0000
0000 0000 0000 0000 0000 0000 0000 0000
0000 0000 0000 0000 0000 0000 0000 0000
0000 0000 0000 0000 0000 0000 0000 0000
0000 0000 0000 0000 0000 0000 0000 0000
0000 0000 0000 0000 0000 0000 0000 0000
0000 0000 0000 0000 0000 0000 0000 0000
0000 0000 0000 0000 0000 0000 0000 0000
0000 0000 0000 0000 0000 0000 0000 0000
0000 0000 0000 0000 0000 0000 0000 0000
0000 0000 0000 0000 0000 0000 0000 0000
0000 0000 0000 0000 0000 0000 0000 0000
0000 0000 0000 0000 0000 0000 0000 0000
0000 0000 0000 0000 0000 0000 0000 0000
0000 0000 0000 0000 0000 0000 0000 0000
0000 0000 0000 0000 0000 0000 0000 0000
0000 0000 0000 0000 0000 0000 0000 0000
0000 0000 0000 0000 0000 0000 0000 0000
0000 0000 0000 0000 0000 0000 0000 0000
0000 0000 0000 0000 0000 0000 0000 0000
0000 0000 0000 0000 0000 0000 0000 0000
0000 0000 0000 0000 0000 0000 0000 0000
0000 0000 0000 0000 0000 0000 0000 0000
0000 0000 0000 0000 0000 0000 0000 0000
0000 0000 0000 0000 0000 0000 0000 0000
0000 0000 0000 0000 0000 0000 0000 0000
0000 0000 0000 0000 0000 0000 0000 0000
0000 0000 0000 0000 0000 0000 0000 0000
0000 0000 0000 0000 0000 0000 0000 0000
0000 0000 0000 0000 0000 0000 0000 0000
0000 0000 0000 0000 0000 0000 0000 0000
0000 0000 0000 0000 0000 0000 0000 0000
0000 0000 0000 0000 0000 0000 0000 0000
0000 0000 0000 0000 0000 0000 0000 0000
0000 0000 0000 0000 0000 0000 0000 0000
0000 0000 0000 0000 0000 0000 0000 0000
0000 0000 0000 0000 0000 0000 0000 0000
0000 0000 0000 0000 0000 0000 0000 0000
0000 0000 0000 0000 0000 0000 0000 0000
0000 0000 0000 0000 0000 0000 0000 0000
0000 0000 0000 0000 0000 0000 0000 0000
0000 0000 0000 0000 0000 0000 0000 0000
0000 0000 0000 0000 0000 0000 0000 0000
0000 0000 0000 0000 0000 0000 0000 0000
0000 0000 0000 0000 0000 0000 0000 0000
0000 0000 0000 0000 0000 0000 0000 0000
0000 0000 0000 0000 0000 0000 0000 0000
0000 0000 0000 0000 0000 0000 0000 0000
0000 0000 0000 0000 0000 0000 0000 0000
0000 0000 0000 0000 0000 0000 0000 0000
0000 0000 0000 0000 0000 0000 0000 0000
0000 0000 0000 0000 0000 0000 0000 0000
0000 0000 0000 0000 0000 0000 0000 0000
0000 0000 0000 0000 0000 0000 0000 0000
0000 0000 0000 0000 0000 0000 0000 0000
0000 0000 0000 0000 0000 0000 0000 0000
0000 0000 0000 0000 0000 0000 0000 0000
0000 0000 0000 0000 0000 0000 0000 0000
0000 0000 0000 0000 0000 0000 0000 0000
0000 0000 0000 0000 0000 0000 0000 0000
0000 0000 0000 0000 0000 0000 0000 0000
0000 0000 0000 0000 0000 0000 0000 0000
0000 0000 0000 0000 0000 0000 0000 0000
0000 0000 0000 0000 0000 0000 0000 0000
0000 0000 0000 0000 0000 0000 0000 0000
0000 0000 0000 0000 0000 0000 0000 0000
0000 0000 0000 0000 0000 0000 0000 0000
0000 0000 0000 0000 0000 0000 0000 0000
0000 0000 0000 0000 0000 0000 0000 0000
0000 0000 0000 0000 0000 0000 0000 0000
0000 0000 0000 0000 0000 0000 0000 0000
0000 0000 0000 0000 0000 0000 0000 0000
0000 0000 0000 0000 0000 0000 0000 0000
0000 0000 0000 0000 0000 0000 0000 0000
0000 0000 0000 0000 0000 0000 0000 0000
0000 0000 0000 0000 0000 0000 0000 0000
0000 0000 0000 0000 0000 0000 0000 0000
0000 0000 0000 0000 0000 0000 0000 0000
0000 0000 0000 0000 0000 0000 0000 0000
0000 0000 0000 0000 0000 0000 0000 0000
0000 0000 0000 0000 0000 0000 0000 0000
0000 0000 0000 0000 0000 0000 0000 0000
0000 0000 0000 0000 0000 0000 0000 0000
0000 0000 0000 0000 0000 0000 0000 0000
0000 0000 0000 0000 0000 0000 0000 0000
0000 0000 0000 0000 0000 0000 0000 0000
0000 0000 0000 0000 0000 0000 0000 0000
0000 0000 0000 0000 0000 0000 0000 0000
0000 0000 0000 0000 0000 0000 0000 0000
0000 0000 0000 0000 0000 0000 0000 0000
0000 0000 0000 0000 0000 0000 0000 0000
0000 0000 0000 0000 0000 0000 0000 0000
0000 0000 0000 0000 0000 0000 0000 0000
0000 0000 0000 0000 0000 0000 0000 0000
0000 0000 0000 0000 0000 0000 0000 0000
0000 0000 0000 0000 0000 0000 0000 0000
0000 0000 0000 0000 0000 0000 0000 0000
0000 0000 0000 0000 0000 0000 0000 0000
0000 0000 0000 0000 0000 0000 0000 0000
0000 0000 0000 0000 0000 0000 0000 0000
0000 0000 0000 0000 0000 0000 0000 0000
0000 0000 0000 0000 0000 0000 0000 0000
0000 0000 0000 0000 0000 0000 0000 0000
0000 0000 0000 0000 0000 0000 0000 0000
0000 0000 0000 0000 0000 0000 0000 0000
0000 0000 0000 0000 0000 0000 0000 0000
0000 0000 0000 0000 0000 0000 0000 0000
0000 0000 0000 0000 0000 0000 0000 0000
0000 0000 0000 0000 0000 0000 0000 0000
0000 0000 0000 0000 0000 0000 0000 0000
0000 0000 0000 0000 0000 0000 0000 0000
0000 0000 0000 0000 0000 0000 0000 0000
0000 0000 0000 0000 0000 0000 0000 0000
0000 0000 0000 0000 0000 0000 0000 0000
0000 0000 0000 0000 0000 0000 0000 0000
0000 0000 0000 0000 0000 0000 0000 0000
0000 0000 0000 0000 0000 0000 0000 0000
0000 0000 0000 0000 0000 0000 0000 0000
0000 0000 0000 0000 0000 0000 0000 0000
0000 0000 0000 0000 0000 0000 0000 0000
0000 0000 0000 0000 0000 0000 0000 0000
0000 0000 0000 0000 0000 0000 0000 0000
0000 0000 0000 0000 0000 0000 0000 0000
0000 0000 0000 0000 0000 0000 0000 0000
0000 0000 0000 0000 0000 0000 0000 0000
0000 0000 0000 0000 0000 0000 0000 0000
0000 0000 0000 0000 0000 0000 0000 0000
0000 0000 0000 0000 0000 0000 0000 0000
0000 0000 0000 0000 0000 0000 0000 0000
0000 0000 0000 0000 0000 0000 0000 0000
0000 0000 0000 0000 0000 0000 0000 0000
0000 0000 0000 0000 0000 0000 0000 0000
0000 0000 0000 0000 0000 0000 0000 0000
0000 0000 0000 0000 0000 0000 0000 0000
0000 0000 0000 0000 0000 0000 0000 0000
0000 0000 0000 0000 0000 0000 0000 0000
0000 0000 0000 0000 0000 0000 0000 0000
0000 0000 0000 0000 0000 0000 0000 0000
0000 0000 0000 0000 0000 0000 0000 0000
0000 0000 0000 0000 0000 0000 0000 0000
0000 0000 0000 0000 0000 0000 0000 0000
0000 0000 0000 0000 0000 0000 0000 0000
0000 0000 0000 0000 0000 0000 0000 0000
0000 0000 0000 0000 0000 0000 0000 0000
0000 0000 0000 0000 0000 0000 0000 0000
0000 0000 0000 0000 0000 0000 0000 0000
0000 0000 0000 0000 0000 0000 0000 0000
0000 0000 0000 0000 0000 0000 0000 0000
0000 0000 0000 0000 0000 0000 0000 0000
0000 0000 0000 0000 0000 0000 0000 0000
0000 0000 0000 0000 0000 0000 0000 0000
0000 0000 0000 0000 0000 0000 0000 0000
0000 0000 0000 0000 0000 0000 0000 0000
0000 0000 0000 0000 0000 0000 0000 0000
0000 0000 0000 0000 0000 0000 0000 0000
0000 0000 0000 0000 0000 0000 0000 0000
0000 0000 0000 0000 0000 0000 0000 0000
0000 0000 0000 0000 0000 0000 0000 0000
0000 0000 0000 0000 0000 0000 0000 0000
0000 0000 0000 0000 0000 0000 0000 0000
0000 0000 0000 0000 0000 0000 0000 0000
0000 0000 0000 0000 0000 0000 0000 0000
0000 0000 0000 0000 0000 0000 0000 0000
0000 0000 0000 0000 0000 0000 0000 0000
0000 0000 0000 0000 0000 0000 0000 0000
0000 0000 0000 0000 0000 0000 0000 0000
0000 0000 0000 0000 0000 0000 0000 0000
0000 0000 0000 0000 0000 0000 0000 0000
0000 0000 0000 0000 0000 0000 0000 0000
0000 0000 0000 0000 0000 0000 0000 0000
0000 0000 0000 0000 0000 0000 0000 0000
0000 0000 0000 0000 0000 0000 0000 0000
0000 0000 0000 0000 0000 0000 0000 0000
0000 0000 0000 0000 0000 0000 0000 0000
0000 0000 0000 0000 0000 0000 0000 0000
0000 0000 0000 0000 0000 0000 0000 0000
0000 0000 0000 0000 0000 0000 0000 0000
0000 0000 0000 0000 0000 0000 0000 0000
0000 0000 0000 0000 0000 0000 0000 0000
0000 0000 0000 0000 0000 0000 0000 0000
0000 0000 0000 0000 0000 0000 0000 0000
0000 0000 0000 0000 0000 0000 0000 0000
0000 0000 0000 0000 0000 0000 0000 0000
0000 0000 0000 0000 0000 0000 0000 0000
0000 0000 0000 0000 0000 0000 0000 0000
0000 0000 0000 0000 0000 0000 0000 0000
0000 0000 0000 0000 0000 0000 0000 0000
1122 1052 0000 0000 1140 6479 6c64 5f73
7475 625f 6269 6e64 6572 0051 7200 9000
7210 1140 5f6d 616c 6c6f 6300 9000 7218
1140 5f70 7269 6e74 6600 9000 0000 0000
0001 5f00 0500 065f 6d68 5f65 7865 6375
7465 5f68 6561 6465 7200 6672 656d 6f76
6544 7570 6c69 6361 7465 6446 726f 6d53
6f72 7465 6400 6a70 7269 6e74 4c69 6e6b
6564 4c69 7374 006f 6372 6561 7465 4c69
6e6b 6564 4c69 7374 0074 6d61 696e 0079
6865 6164 007e 0200 0000 0300 b019 0003
00d0 1a00 0300 e01b 0003 0080 1d00 0300
a020 0000 0000 0000 b019 a001 9001 a001
0000 0000 0000 0000 0200 0000 0f01 1000
0000 0000 0100 0000 1600 0000 0f01 0000
e00d 0000 0100 0000 2800 0000 0f08 0000
2010 0000 0100 0000 2e00 0000 0f01 0000
800e 0000 0100 0000 3400 0000 0f01 0000
500d 0000 0100 0000 4500 0000 0f01 0000
b00c 0000 0100 0000 6100 0000 0100 0001
0000 0000 0000 0000 6900 0000 0100 0001
0000 0000 0000 0000 7100 0000 0100 0001
0000 0000 0000 0000 0600 0000 0700 0000
0800 0000 0000 0040 0600 0000 0700 0000
2000 5f5f 6d68 5f65 7865 6375 7465 5f68
6561 6465 7200 5f63 7265 6174 654c 696e
6b65 644c 6973 7400 5f68 6561 6400 5f6d
6169 6e00 5f70 7269 6e74 4c69 6e6b 6564
4c69 7374 005f 7265 6d6f 7665 4475 706c
6963 6174 6564 4672 6f6d 536f 7274 6564
005f 6d61 6c6c 6f63 005f 7072 696e 7466
0064 796c 645f 7374 7562 5f62 696e 6465
7200 0000 0000 0000 